201606815
201203121
201806931
201307506
201405792
201503049
201200916
201205611
201709407
201508874
201505432
201409515
201505646
201509347
201401377
201204454
201807644
201708859
201607342
201502085
201302370
201200606
201205241
201607448
201501725
201603615
201607508
201307975
201800363
201606574
201206888
201801559
201502872
201306257
201700883
201803821
201508531
201604799
201807848
201801214
201507085
201205104
201601189
201701792
201204328
201204228
201706054
201306471
201306388
201300302
201405989
201400471
201401138
201501174
201607457
201208690
201508790
201607823
201409885
201405714
201604318
201708738
201307682
201308765
201600660
201402869
201205138
201505885
201804926
201602800
201304150
201306725
201408960
201301630
201502875
201500893
201209243
201207042
201700507
201508855
201201839
201702596
201704550
201709045
201804746
201701556
201304657
201808268
201800061
201408373
201602897
201508798
201703492
201308490
201709784
201202100
201801167
201304350
201802582
201306233
201508958
201201752
201504238
201408554
201604673
201500234
201807641
201202539
201407497
201707726
201503477
201208983
201805828
201304142
201708568
201405974
201804591
201607091
201505193
201506467
201206451
201208828
201403720
201607328
201706898
201802961
201503193
201808420
201800538
201304057
201807539
201701505
201208817
201604818
201808899
201301181
201703624
201402716
201404139
201204424
201808373
201502617
201501953
201701666
201407947
201507812
201301554
201807978
201204937
201408519
201803712
201801924
201808275
201502612
201807380
201405166
201606514
201800315
201805896
201806058
201601232
201402089
201606121
201708360
201703627
201409901
201403346
201504992
201606886
201309967
201408542
201808140
201506206
201409407
201603454
201809640
201501104
201607035
201508823
201400448
201606720
201401981
201506947
201604977
201804269
201809849
201301675
201402042
201703126
201600297
201505157
201405729
201404722
201203077
201702218
201402232
201604399
201206635
201403523
201509563
201307559
201206691
201502058
201708169
201807840
201404029
201500592
201407354
201709076
201309806
201205311
201705277
201400017
201405624
201306563
201600735
201305931
201404584
201503930
201203654
201405094
201406211
201206675
201200481
201304755
201402259
201406955
201708345
201301216
201203425
201200330
201808349
201302539
201604068
201502830
201300009
201206127
201408636
201206370
201609640
201208007
201207758
201505779
201800283
201506416
201609180
201803002
201607286
201700180
201605192
201809350
201700961
201608002
201504676
201700641
201406772
201807980
201504741
201801988
201808654
201506261
201508051
201707573
201308567
201306428
201402960
201505056
201204875
201702758
201608217
201706172
201805793
201406334
201401067
201601313
201504245
201709290
201208290
201806063
201506158
201708462
201207996
201405548
201304529
201605681
201701475
201506495
201602768
201302506
201801532
201601358
201406164
201804584
201507471
201807424
201703714
201205738
201609724
201702968
201502827
201300244
201307356
201702665
201801163
201508245
201202920
201807538
201806018
201708269
201301382
201504980
201203448
201601130
201501049
201404489
201609817
201208581
201603383
201405923
201308579
201704147
201404222
201602806
201404204
201802664
201401976
201305176
201205450
201700773
201806431
201603899
201808422
201606741
201601539
201802082
201200291
201500664
201801111
201403163
201402425
201804081
201700953
201809887
201201747
201501836
201706401
201505426
201805036
201306930
201201188
201209844
201408684
201503579
201201092
201801989
201200655
201302872
201609872
201205462
201301779
201205423
201801382
201306519
201403939
201306415
201401633
201805317
201808981
201804150
201402205
201307445
201509557
201405421
201302943
201605369
201207716
201504231
201607486
201502815
201703854
201207473
201301664
201707123
201803565
201603623
201807032
201805313
201303541
201409640
201401892
201404022
201300523
201805399
201500258
201503979
201404268
201403201
201706694
201805943
201505129
201406083
201501514
201403922
201408852
201202790
201803091
201608339
201704916
201403064
201803595
201803113
201209191
201507641
201703136
201207984
201602291
201605805
201805917
201703342
201406662
201502603
201509366
201805496
201204604
201803007
201504185
201408380
201306383
201708154
201809112
201208069
201602856
201403016
201402379
201707658
201300881
201604368
201800407
201503050
201501668
201300990
201803297
201609188
201300443
201200404
201801497
201507843
201503779
201500204
201506550
201306039
201700050
201307631
201600935
201702159
201403482
201201502
201301503
201507895
201809951
201703639
201805607
201404776
201800548
201708766
201301118
201309624
201604685
201609370
201603256
201301375
201608492
201406641
201600231
201307317
201504670
201404891
201301679
201500719
201807447
201805054
201607233
201507029
201604577
201400953
201605423
201502197
201707544
201303644
201401404
201409624
201508622
201407813
201205874
201208682
201809526
201508272
201307986
201201702
201205097
201801750
201308993
201507674
201401800
201509500
201507059
201600890
201302659
201409350
201301266
201303621
201808197
201305317
201408073
201808542
201602250
201709149
201800636
201804324
201306681
201701596
201808169
201701915
201208883
201206123
201602854
201202547
201205505
201209371
201308398
201300484
201506440
201608224
201603853
201503953
201204972
201409171
201808342
201606279
201305620
201508730
201808891
201603668
201600950
201700752
201609930
201708130
201308102
201600042
201807881
201402328
201202347
201300799
201403152
201306816
201301817
201502725
201305174
201606007
201402740
201704284
201801775
201709906
201708914
201707163
201509470
201609108
201605036
201409962
201500107
201304393
201304348
201406380
201604761
201809966
201507628
201203465
201700721
201800994
201601237
201309994
201503989
201207749
201507474
201407185
201406676
201604906
201702474
201402472
201800852
201702965
201204273
201400327
201400398
201802482
201706562
201203835
201306400
201300788
201506936
201200555
201803213
201601874
201506681
201700759
201403838
201606895
201404840
201506154
201708964
201207436
201605445
201200396
201309225
201306418
201807586
201801387
201809957
201405192
201605013
201508844
201508157
201606349
201704416
201809319
201504781
201309570
201505058
201806929
201800568
201209896
201506297
201504397
201702170
201408229
201801004
201601819
201503270
201408791
201501236
201402266
201609289
201209312
201808966
201601020
201401710
201307002
201200855
201808535
201802444
201207776
201406141
201406410
201602538
201801297
201404830
201608825
201603249
201708163
201408352
201600238
201806923
201408118
201305836
201807572
201605161
201808129
201508667
201708563
201501859
201809556
201707851
201802105
201406361
201700909
201208309
201805009
201406049
201708275
201402430
201600830
201603539
201604731
201800403
201503439
201507105
201306940
201605889
201702420
201804618
201705506
201209858
201301579
201801359
201200932
201305678
201803428
201808202
201207030
201400892
201509002
201800527
201401842
201605612
201405049
201408102
201303442
201402231
201804463
201600522
201303548
201202188
201805755
201200748
201302336
201808164
201501279
201308752
201208265
201209584
201606403
201309245
201200754
201602005
201602732
201300993
201405202
201206855
201404632
201505266
201206422
201701816
201305146
201405878
201500586
201400046
201202641
201808141
201501423
201302554
201201229
201406352
201203941
201500649
201707788
201307219
201206289
201504667
201206892
201809994
201503900
201601724
201209019
201807319
201203890
201600441
201707826
201305835
201402137
201400983
201301031
201202019
201200483
201204662
201305694
201502409
201406271
201209457
201305487
201408025
201500024
201209177
201605997
201303118
201509607
201703339
201202993
201201578
201202742
201207955
201801424
201208551
201703297
201803882
201804547
201805668
201604157
201707038
201404797
201803017
201603650
201806382
201201354
201409596
201301360
201301454
201301469
201504193
201308974
201201167
201704548
201809798
201808707
201809744
201301601
201701710
201808501
201202809
201406051
201505096
201708898
201806757
201204123
201607966
201802568
201403884
201409480
201301207
201603522
201309313
201401578
201309180
201607382
201308968
201504130
201408573
201302156
201806388
201802355
201200768
201407145
201506653
201307290
201401102
201304978
201702382
201305518
201309116
201705061
201306928
201709875
201402912
201708729
201208879
201201080
201403424
201807793
201308439
201305073
201307067
201801343
201706979
201305220
201504195
201300254
201601546
201308863
201508796
201608665
201203138
201303831
201700837
201604115
201701138
201304345
201301146
201308719
201408961
201306906
201202610
201303321
201800012
201308589
201303246
201307363
201708060
201305670
201803962
201601516
201307464
201703761
201303766
201201586
201604452
201805756
201401645
201800226
201506008
201402239
201208652
201208959
201206219
201204449
201705883
201708077
201307637
201302570
201500832
201405843
201803789
201702429
201700208
201700025
201600579
201607841
201403108
201802416
201503670
201704501
201506672
201501927
201808142
201808710
201605519
201404958
201609669
201807602
201500671
201609217
201405418
201305474
201506032
201708875
201402248
201509404
201204241
201706923
201308924
201309365
201405329
201704301
201506293
201600343
201305286
201208731
201602067
201301233
201707280
201809079
201205918
201801155
201800450
201504970
201409085
201608934
201501874
201502952
201204956
201206999
201706147
201700100
201204735
201504315
201402647
201803397
201806986
201309765
201700273
201302787
201500933
201509491
201707262
201804123
201601920
201605677
201407057
201200596
201501645
201306125
201409222
201605285
201606424
201702858
201803330
201301237
201503852
201600907
201600250
201402369
201401146
201409392
201500589
201802113
201609406
201509880
201703005
201505055
201403780
201401870
201408850
201201590
201709762
201209971
201509392
201403175
201205168
201207627
201301773
201304226
201804955
201806505
201403452
201507799
201409056
201402761
201307340
201401454
201707299
201307094
201605068
201802793
201502648
201406672
201506112
201509722
201808583
201406266
201505472
201309491
201203775
201507256
201307440
201308292
201700805
201709882
201502805
201608925
201800003
201804040
201509373
201202905
201301524
201308091
201706614
201809141
201305990
201807454
201705299
201703157
201500565
201802462
201307855
201407915
201505467
201400631
201500168
201300762
201601653
201504606
201606431
201307648
201801585
201301628
201807229
201408827
201809968
201400048
201601810
201409308
201300458
201803049
201400180
201500870
201407097
201400333
201306612
201208451
201209240
201506917
201409725
201409859
201804752
201307257
201501452
201608196
201706827
201404555
201809042
201304945
201808861
201602925
201602356
201501680
201804925
201601825
201603158
201209505
201209007
201702444
201203577
201405549
201400832
201309244
201506408
201402131
201801696
201808604
201307016
201706641
201405435
201702478
201809389
201300849
201802163
201308143
201503731
201709847
201307460
201209801
201401684
201400423
201305023
201207989
201402543
201706079
201301720
201807036
201208373
201708628
201204616
201209543
201505929
201502867
201305760
201500692
201602299
201804114
201808546
201801347
201503054
201209909
201301565
201405948
201206262
201605420
201803496
201706604
201405583
201409682
201809955
201604103
201607336
201301466
201803246
201507967
201709699
201406539
201709565
201506346
201301988
201408565
201500031
201804291
201606375
201506749
201303401
201206527
201203139
201504067
201409555
201205085
201407174
201405990
201601315
201502259
201204859
201202112
201305697
201607848
201805423
201804434
201406572
201708400
201206902
201201896
201800368
201304462
201209262
201802930
201801030
201305634
201607641
201507916
201304459
201309652
201304608
201600453
201609357
201708159
201308415
201207675
201600431
201707803
201402200
201601365
201206978
201809257
201706364
201601682
201800832
201400685
201203529
201303297
201608227
201303424
201301950
201203461
201306490
201705433
201603482
201602019
201206402
201206217
201507174
201508496
201408731
201705246
201504485
201605494
201200129
201609084
201400394
201205835
201304465
201504205
201703203
201802378
201406357
201602481
201806614
201504701
201303747
201501882
201407118
201305206
201606639
201400321
201205325
201506108
201407233
201705555
201609715
201701782
201503023
201708102
201406061
201503047
201607635
201801734
201400859
201306629
201709709
201409970
201704390
201503336
201200974
201601759
201402717
201709492
201504494
201801975
201507610
201506789
201203391
201504265
201606523
201406868
201408916
201803407
201306010
201509310
201804064
201206696
201300038
201701477
201509926
201405585
201701923
201606012
201507433
201707645
201606412
201405478
201407224
201307879
201305890
201708063
201702555
201401456
201402854
201706400
201508949
201809948
201609934
201704654
201800573
201802031
201601476
201402420
201400889
201404265
201801468
201702447
201804877
201407042
201201998
201702409
201300616
201608932
201804391
201406387
201202676
201306006
201308382
201507911
201509582
201606478
201302275
201603578
201209284
201603852
201508654
201603329
201802780
201409873
201705899
201604942
201206134
201807666
201709885
201802538
201607831
201409355
201708043
201603882
201801391
201303499
201505443
201406619
201706693
201607835
201205654
201607460
201305914
201402080
201504763
201806557
201400478
201407642
201401310
201509352
201408910
201706387
201209232
201704071
201506449
201802670
201604785
201703460
201300419
201801258
201806787
201609805
201209293
201305933
201803769
201802784
201205827
201305257
201707358
201708362
201504439
201206292
201307900
201807181
201300476
201207904
201701649
201209815
201807706
201204041
201606681
201501700
201300561
201801046
201805498
201605253
201500004
201403888
201207916
201700708
201306273
201807771
201209697
201703018
201403897
201200358
201703000
201600948
201200675
201808304
201805064
201507473
201206304
201703332
201502925
201404681
201306718
201205953
201503650
201405147
201406434
201206695
201801743
201401984
201608719
201805935
201408029
201607984
201304479
201702809
201707564
201603986
201303086
201207957
201409442
201408823
201403179
201809124
201500225
201600272
201304097
201609146
201707318
201607477
201407146
201302212
201406276
201605791
201704087
201301791
201808439
201204052
201503857
201202478
201207118
201303338
201504213
201300652
201308879
201206760
201308128
201807888
201303465
201603490
201402444
201203848
201406796
201804152
201507170
201703598
201301555
201803415
201406216
201302868
201400268
201402521
201301480
201201504
201607751
201608393
201505808
201701218
201504544
201403100
201801507
201600742
201805075
201304231
201504589
201304152
201507373
201809570
201508846
201706248
201509601
201206946
201305651
201700643
201700295
201805634
201708530
201707675
201809016
201805432
201804498
201602574
201207121
201802989
201500267
201800342
201507316
201708486
201605848
201608678
201300676
201505817
201403734
201808699
201204307
201608034
201700928
201507073
201801767
201402720
201703240
201308145
201708276
201301629
201708150
201602196
201605649
201401803
201404239
201601348
201200542
201606411
201201268
201307358
201504848
201506377
201607653
201601207
201308251
201302721
201703175
201305194
201802671
201708301
201308784
201308030
201406260
201601418
201500468
201603006
201500353
201809116
201700801
201700499
201604339
201301716
201803536
201702404
201602993
201608854
201501127
201502562
201606542
201604568
201303168
201806119
201600419
201504261
201704585
201500908
201202039
201707310
201706939
201506722
201803224
201309082
201706926
201205269
201207196
201804277
201607465
201405773
201708175
201804603
201502976
201506770
201305591
201702486
201603520
201506729
201308174
201709727
201609294
201200986
201604009
201208364
201204947
201203301
201401922
201801277
201709335
201500869
201709056
201400396
201404949
201404568
201602376
201807569
201501068
201607579
201507142
201201701
201509775
201203580
201501462
201703868
201505671
201503024
201404272
201509027
201607610
201504623
201709216
201802336
201205593
201204606
201403533
201601012
201507754
201400493
201402216
201207786
201401743
201708067
201609362
201805620
201507151
201407913
201504053
201302169
201205747
201506907
201707992
201402153
201401768
201403309
201205892
201403041
201605199
201200962
201808228
201803714
201203254
201204659
201803790
201304728
201806683
201600748
201801241
201201295
201604379
201205588
201609203
201609951
201308012
201603365
201803814
201409370
201708012
201809458
201205381
201303048
201209272
201204472
201408560
201502986
201505979
201708578
201204865
201705691
201801524
201803728
201706295
201509667
201707911
201502243
201505419
201608011
201802317
201304161
201201655
201300325
201208802
201601329
201701234
201501568
201301585
201203395
201809365
201809195
201402359
201702513
201203804
201506744
201802025
201408428
201406091
201400431
201301458
201604630
201705352
201203996
201501275
201507654
201403761
201407628
201307762
201406295
201800652
201206110
201800787
201400014
201505935
201800520
201809876
201808839
201209100
201808875
201306699
201506884
201403034
201804488
201301364
201600645
201702650
201308743
201703485
201600071
201400509
201206098
201407344
201508685
201607976
201708755
201606483
201501814
201207204
201304999
201808020
201605320
201505082
201207807
201807817
201606839
201205267
201701431
201708589
201405611
201703558
201303948
201301882
201204655
201201538
201300300
201202000
201405542
201409853
201800518
201605444
201400546
201505323
201807935
201602410
201703897
201706607
201500953
201704410
201606504
201601868
201403184
201800192
201806007
201306207
201203638
201202488
201206457
201405660
201605100
201803881
201805157
201808508
201804592
201808677
201406530
201203360
201206118
201804600
201301270
201208232
201406040
201500770
201701437
201700832
201303000
201406631
201704983
201301401
201401915
201407045
201805497
201704616
201708023
201402975
201202851
201606173
201601250
201202666
201609513
201702087
201706189
201207395
201403580
201605366
201604271
201208519
201603546
201605948
201607785
201705874
201705983
201608579
201607497
201307110
201500442
201201382
201607082
201606747
201707698
201803733
201802483
201405283
201409696
201307507
201701148
201203576
201208600
201806970
201606752
201808066
201604748
201606187
201404728
201609848
201508670
201805763
201204850
201506278
201809167
201303595
201603325
201403956
201200075
201703710
201800225
201209280
201202192
201604771
201303960
201501301
201402028
201709935
201400971
201800399
201604031
201709385
201601849
201209955
201409073
201705920
201202962
201201787
201401348
201500632
201200885
201704436
201704547
201608727
201600819
201704945
201200787
201508339
201707233
201805320
201407379
201705255
201300890
201609012
201602306
201801778
201407926
201404172
201800483
201600143
201500526
201503320
201503006
201707331
201702272
201408875
201409597
201206597
201404623
201601910
201404072
201508682
201505886
201808206
201707513
201708241
201706703
201206471
201506135
201307328
201500607
201400345
201800387
201807004
201607889
201802131
201705254
201308928
201800584
201602931
201800174
201304447
201509044
201607908
201609218
201809893
201603639
201406610
201501150
201301581
201506433
201208831
201406147
201805696
201600598
201205847
201406569
201709720
201203839
201402299
201600350
201803501
201703106
201700948
201706476
201507453
201309033
201802928
201706915
201302286
201400451
201708668
201405265
201709314
201402562
201408774
201408013
201604754
201702427
201501519
201800808
201601199
201704691
201201865
201206195
201802084
201703602
201208143
201606894
201508822
201408308
201202173
201201091
201404849
201206449
201808271
201704614
201709628
201703349
201200138
201701811
201200941
201204468
201808659
201208997
201307772
201207713
201704626
201807197
201503892
201806481
201506874
201706513
201202211
201305417
201808843
201208334
201706173
201805636
201409286
201301726
201704617
201301149
201206931
201605018
201307576
201302646
201306472
201603166
201803255
201201565
201307717
201701102
201800509
201208129
201306511
201201231
201301312
201308958
201603624
201800379
201607824
201804818
201509551
201705231
201407201
201604174
201608208
201709632
201408501
201707087
201700172
201208544
201608457
201302529
201808552
201600028
201700815
201408965
201607814
201500577
201401431
201505530
201708410
201803313
201207358
201601999
201307915
201502458
201709511
201601218
201406889
201601298
201802367
201401524
201202820
201700213
201704261
201307291
201507347
201604213
201401665
201707633
201501723
201607403
201408785
201608695
201503891
201502426
201608628
201801383
201709626
201807996
201409394
201308472
201205579
201605821
201702953
201200573
201501588
201801955
201603727
201706448
201206875
201306150
201402401
201703960
201209463
201404077
201209932
201502917
201300275
201705658
201200044
201803817
201307383
201704468
201409250
201203919
201702330
201808209
201506614
201404726
201707366
201208015
201205726
201506748
201400206
201501637
201206798
201304073
201204402
201609620
201708840
201303933
201203426
201509025
201702192
201306731
201504114
201208389
201606855
201407525
201303279
201803613
201400626
201304282
201805228
201300672
201808812
201704795
201602293
201305768
201504524
201302701
201701448
201707759
201601352
201603320
201508484
201604415
201407056
201705934
201304896
201705500
201202545
201303924
201309881
201200177
201604678
201804430
201605217
201609910
201205585
201406028
201407209
201507710
201609895
201500378
201501040
201206454
201808582
201701029
201206577
201809520
201403914
201707100
201303790
201301857
201601663
201705505
201302964
201409910
201507667
201404565
201705326
201806343
201306931
201207734
201803322
201701686
201303751
201406290
201509017
201700533
201602654
201306835
201402422
201404845
201801978
201202014
201601181
201603244
201206405
201606623
201603097
201601354
201603701
201308301
201409797
201300277
201808778
201607151
201806843
201406311
201306046
201309433
201504562
201401944
201202667
201705706
201408821
201709468
201607038
201704637
201606931
201202254
201305905
201206513
201205467
201208693
201406726
201707456
201409296
201301550
201507539
201208532
201204997
201705575
201701535
201701014
201209901
201206913
201703886
201700814
201301249
201509930
201700055
201507609
201501799
201403660
201601369
201800532
201507344
201602808
201701956
201406338
201603042
201705692
201204548
201507430
201401315
201403371
201707854
201402863
201509865
201605647
201803063
201202035
201507772
201602155
201404946
201803021
201602521
201406845
201603393
201203188
201507712
201408990
201709938
201609267
201700985
201800666
201208761
201207344
201601882
201605363
201603989
201602619
201602001
201708918
201203364
201305822
201709807
201508313
201704472
201301174
201201145
201400315
201706188
201605085
201207301
201209823
201607348
201207900
201505617
201307127
201803725
201205365
201605850
201309653
201609025
201706461
201402077
201401156
201809183
201407461
201704700
201206453
201608514
201205177
201201911
201204984
201501224
201606108
201700133
201808931
201703589
201806270
201508105
201708313
201802732
201309373
201504925
201507618
201507849
201707374
201800319
201607694
201503013
201209545
201802924
201706981
201806281
201503483
201703582
201706485
201803560
201200464
201204230
201404136
201809987
201302675
201300952
201801229
201207308
201205830
201405600
201201401
201706068
201608586
201802348
201403571
201808859
201403589
201400905
201807658
201603379
201600440
201703111
201309303
201608717
201501773
201602589
201700387
201208646
201703736
201208437
201505872
201404405
201506441
201504593
201601743
201404055
201502033
201808903
201604648
201804684
201705497
201600919
201208911
201501403
201208863
201207171
201602507
201700028
201705135
201500064
201700816
201404963
201705106
201203634
201601230
201808629
201600144
201506292
201309710
201804211
201408790
201804647
201709376
201407932
201804246
201701951
201704480
201303225
201804993
201307812
201205333
201706070
201304068
201403536
201408041
201402144
201300851
201403593
201807507
201609736
201801401
201202937
201700163
201308463
201203187
201307032
201306822
201504180
201309401
201501482
201607118
201209120
201503701
201406402
201203357
201600335
201307953
201307794
201701056
201403292
201807397
201804126
201201286
201500355
201502580
201306640
201500545
201404671
201204428
201709831
201705283
201304574
201606230
201604718
201300909
201202436
201706141
201700950
201508820
201708046
201700865
201400916
201409166
201608598
201402076
201708205
201504708
201200927
201504546
201203666
201804128
201705574
201801708
201207488
201601581
201805358
201400799
201806124
201805286
201801083
201807353
201502192
201702025
201607244
201208153
201505994
201400391
201405113
201701350
201709755
201402785
201406916
201509173
201407163
201604764
201407727
201407537
201409317
201703172
201201093
201206356
201809566
201803390
201401478
201709564
201707713
201304011
201200802
201509372
201407357
201609481
201407514
201807243
201309750
201604356
201301352
201606003
201605712
201201814
201200561
201803395
201406337
201601502
201506125
201809998
201300807
201604571
201700239
201708117
201606971
201502684
201300033
201708223
201802388
201206168
201205493
201605418
201303352
201204490
201707179
201806889
201501325
201503297
201703797
201708106
201802900
201505774
201404948
201604029
201704303
201607882
201407720
201203388
201806901
201708665
201507227
201609923
201706941
201606560
201602314
201606751
201805308
201404609
201206159
201300133
201600247
201509277
201500945
201609101
201705904
201705909
201609690
201204393
201602871
201505384
201401590
201203560
201804455
201208917
201407453
201506290
201204119
201408962
201305764
201201355
201806824
201707770
201806213
201701709
201609993
201302855
201203781
201601605
201205868
201202626
201208271
201403277
201309755
201409354
201300226
201801429
201501202
201207848
201502785
201607796
201204030
201209537
201207058
201202294
201200104
201804557
201201867
201601691
201300073
201603822
201606447
201506565
201507666
201601385
201201975
201304419
201607935
201806352
201205499
201702505
201702570
201302165
201502166
201708470
201501599
201407609
201505709
201301177
201204868
201308334
201701772
201303382
201709162
201607836
201209379
201202901
201607160
201809390
201408697
201209741
201502257
201801508
201309914
201205109
201300532
201802375
201306170
201303666
201302193
201402091
201700742
201707292
201800033
201406508
201301515
201706089
201808055
201609432
201308230
201308553
201204734
201704368
201802685
201304223
201704333
201806806
201808004
201307693
201207555
201407544
201302274
201206955
201306425
201700447
201401725
201204029
201509085
201508090
201506374
201800179
201604200
201803181
201805125
201204262
201707321
201209583
201308172
201208295
201307434
201601789
201407068
201304468
201406650
201605296
201303334
201205840
201208372
201407817
201805318
201705750
201509358
201702927
201806169
201502553
201609784
201200416
201706128
201202867
201306310
201408374
201706333
201208227
201801599
201602403
201200903
201501662
201506217
201809193
201506750
201406367
201705522
201404763
201303109
201409739
201308154
201402368
201705800
201206083
201805290
201301957
201203664
201609157
201301689
201600674
201500117
201806841
201204290
201206314
201801605
201200343
201801515
201808408
201704562
201805076
201802282
201306927
201205843
201507270
201307659
201607957
201707041
201807805
201508793
201304851
201307059
201207521
201409499
201507299
201304735
201606249
201309665
201809685
201807964
201303779
201606408
201403312
201504481
201705733
201402151
201308358
201502681
201501443
201809734
201609487
201509800
201800459
201705437
201408506
201706579
201201996
201307780
201800964
201502822
201500952
201405276
201800625
201702104
201701530
201707396
201707172
201501351
201304714
201509456
201508008
201607287
201207556
201206137
201409958
201303445
201301958
201302207
201405836
201208589
201405907
201600790
201208277
201409068
201306892
201207827
201608493
201209399
201504089
201604001
201208972
201607029
201809007
201608587
201605951
201301235
201807925
201300738
201307314
201402531
201304325
201607759
201206839
201709455
201808270
201800861
201606250
201206261
201309226
201400450
201305454
201501804
201504269
201606384
201807531
201606492
201703683
201602666
201400383
201201314
201602182
201408378
201602404
201506639
201608431
201706337
201304110
201404669
201808930
201200425
201609957
201604640
201402583
201705846
201600687
201504659
201609605
201302713
201606215
201203746
201809946
201302845
201704524
201609975
201800564
201500140
201705318
201405269
201300678
201401707
201807560
201307403
201205331
201603428
201200654
201307329
201201634
201805299
201601647
201605749
201802002
201806214
201805344
201209819
201409512
201700170
201309161
201501794
201808430
201807118
201601249
201808901
201605657
201704491
201405419
201608192
201400379
201202233
201308943
201405777
201506333
201804637
201701091
201704462
201307226
201600276
201407247
201600374
201205693
201404166
201605721
201602398
201808957
201706880
201308103
201601536
201604114
201501961
201508123
201406473
201800389
201202206
201700166
201602421
201402742
201209694
201605615
201407130
201500429
201505611
201608241
201309859
201508883
201501473
201703450
201509061
201607124
201700975
201502054
201604896
201405384
201807175
201405346
201304686
201702415
201802384
201401399
201506212
201707381
201505442
201802611
201600491
201708975
201202093
201808537
201501888
201504587
201806346
201202087
201704931
201603063
201706934
201303034
201803892
201705660
201302436
201206203
201309808
201403676
201401387
201705049
201304778
201804636
201505397
201703421
201703014
201702194
201401491
201506725
201809787
201806902
201805653
201507423
201501958
201208028
201601306
201603956
201503576
201705280
201302826
201206608
201202765
201603675
201504038
201706968
201407075
201302771
201806155
201400744
201304009
201306571
201807366
201508615
201800877
201608691
201405293
201207269
201409738
201701345
201404871
201804296
201501497
201609127
201807576
201504469
201700231
201600712
201605133
201208851
201304003
201202175
201608132
201302901
201604603
201602487
201306778
201303837
201701637
201709744
201304882
201509969
201707493
201609008
201401587
201306082
201407687
201502650
201504575
201309568
201203584
201602328
201701395
201206918
201707031
201509883
201806310
201708476
201807265
201207081
201203862
201800607
201405415
201602712
201501894
201705338
201204722
201702921
201203373
201508889
201405822
201603464
201806768
201709417
201606587
201806688
201805969
201207314
201503897
201406214
201208826
201402317
201505491
201802319
201601861
201200532
201304623
201509645
201708302
201206250
201406904
201309593
201604006
201507011
201403907
201308313
201606756
201408457
201801939
201603785
201205206
201603577
201703119
201502908
201303198
201502405
201507872
201606991
201409113
201708687
201506815
201409788
201506350
201808138
201406096
201300922
201808688
201208248
201705642
201206270
201803597
201507381
201606323
201209826
201602303
201203552
201701476
201708924
201709111
201807878
201408507
201302433
201704266
201307420
201805079
201604112
201404588
201407301
201602848
201209325
201506311
201605206
201706797
201507267
201500479
201801651
201507729
201800900
201305262
201408889
201509452
201606109
201205989
201606340
201802329
201506979
201607704
201802316
201502121
201200705
201807747
201707688
201400303
201507202
201504845
201602816
201404415
201400354
201400137
201505121
201500366
201503328
201705420
201306934
201701390
201304637
201402316
201501587
201702592
201507702
201209645
201809084
201608472
201202498
201404966
201306460
201601040
201401839
201306951
201708718
201602181
201202370
201604095
201300048
201300108
201205934
201208810
201600325
201804891
201509728
201404771
201608541
201309227
201802698
201709924
201802370
201500201
201602094
201809781
201506919
201708869
201400415
201608169
201703046
201505276
201300521
201408643
201508709
201403027
201706354
201806722
201504151
201500228
201700259
201800484
201208044
201204492
201402173
201402354
201306989
201209351
201503889
201600315
201303804
201404758
201504771
201208342
201502255
201806682
201602203
201305938
201804951
201304492
201709528
201607945
201700972
201206398
201808655
201302976
201808584
201606049
201607964
201509537
201405940
201404078
201505802
201405707
201607640
201506141
201807780
201500635
201409118
201507502
201802133
201502069
201409911
201604656
201700789
201505970
201709899
201606787
201504671
201307368
201503036
201701790
201508566
201801866
201305729
201203126
201306287
201504684
201708296
201609997
201304366
201409942
201608096
201605563
201807988
201506322
201801140
201208850
201609322
201500862
201507652
201506319
201400129
201802777
201700855
201406763
201607771
201601747
201502253
201407063
201303965
201604246
201704509
201701151
201504764
201507057
201508873
201503580
201502020
201404370
201505013
201700597
201209899
201301427
201405765
201202949
201801891
201506442
201707279
201600265
201801834
201705628
201200013
201206519
201703893
201408793
201301944
201800485
201607083
201708310
201808237
201207132
201609327
201204358
201509633
201600183
201404326
201509544
201301797
201805255
201806739
201305721
201801419
201400306
201708609
201602840
201606027
201605844
201700262
201808846
201202612
201505843
201404837
201301807
201701217
201604367
201809525
201303741
201306867
201304362
201805360
201804864
201706587
201207221
201307760
201304383
201606132
201700296
201605432
201507837
201203550
201402333
201604959
201308228
201208017
201701270
201709300
201304496
201707406
201305607
201601737
201808218
201700099
201507442
201409635
201803839
201809140
201702033
201706771
201301542
201300734
201507244
201707896
201307416
201503827
201700734
201507342
201202448
201709458
201507343
201609295
201705863
201804497
201502025
201708336
201203164
201201174
201501184
201806129
201703277
201803485
201201130
201500883
201209695
201302950
201706297
201701661
201308274
201304331
201600170
201600988
201602694
201309464
201402468
201404987
201304088
201607213
201701239
201605651
201407954
201208196
201406267
201208596
201208251
201501872
201303163
201203493
201803276
201307441
201706409
201205134
201406740
201708254
201800360
201707371
201501616
201405428
201809716
201408099
201706156
201503880
201604506
201200478
201606454
201406208
201502985
201308633
201504616
201309629
201403367
201809285
201702106
201305272
201703340
201805814
201707534
201800098
201401560
201305499
201707656
201502414
201602030
201502828
201200212
201602597
201709601
201502886
201309537
201301213
201704971
201508784
201301329
201803370
201205409
201207710
201608095
201203706
201408593
201303701
201308113
201607706
201503448
201803662
201501123
201206194
201600826
201206996
201204538
201703695
201806048
201604407
201409530
201707579
201304991
201705140
201409451
201502205
201206381
201409826
201405884
201404627
201500923
201208433
201807085
201209635
201408064
201203033
201501752
201302362
201501609
201503248
201503307
201706791
201402974
201404356
201506462
201202241
201809508
201408090
201703246
201309364
201509270
201700488
201704623
201304709
201803723
201808249
201204594
201608005
201609649
201700196
201506232
201801997
201401312
201503798
201205121
201204342
201706047
201206236
201805762
201803757
201808320
201803381
201408918
201607547
201609553
201304666
201604348
201505470
201605202
201305144
201500897
201404708
201802456
201607071
201403895
201206697
201202827
201805624
201809931
201405663
201407623
201400406
201801398
201808475
201804485
201302893
201803670
201706636
201202397
201504743
201600563
201305654
201808084
201708443
201807611
201705127
201203513
201408833
201309117
201702385
201601708
201805018
201609458
201304763
201800614
201507762
201404998
201309136
201305469
201305586
201805224
201201100
201709577
201607123
201606061
201201610
201409117
201708148
201202281
201200303
201603348
201704086
201701644
201500088
201406072
201806634
201609765
201208324
201609018
201407237
201505792
201302586
201801861
201309486
201303046
201804218
201200399
201500113
201305199
201602539
201508517
201201894
201303359
201601440
201605590
201208341
201503548
201604991
201501564
201303293
201407807
201808236
201809297
201500241
201206730
201407376
201500284
201305462
201403400
201608113
201304284
201600158
201201110
201607575
201307277
201404104
201208306
201300291
201804110
201608018
201508623
201502003
201703245
201801608
201801120
201401417
201703230
201807483
201807910
201509897
201301391
201200668
201407832
201401195
201400895
201306156
201408964
201704166
201609115
201301803
201408183
201500762
201207275
201701251
201507852
201604557
201202051
201307946
201400726
201603962
201409669
201506644
201306717
201301424
201703855
201500610
201307231
201402977
201305463
201701013
201609088
201502912
201307977
201705754
201704599
201803537
201205473
201605926
201208923
201701801
201601891
201507417
201707932
201400353
201609929
201301660
201300380
201806679
201209101
201405003
201709905
201300925
201708083
201306499
201406682
201402804
201404387
201505656
201206829
201304815
201703028
201700605
201309690
201702346
201209874
201500510
201801805
201708250
201604529
201601262
201406842
201305090
201503268
201505980
201201806
201507598
201603712
201603380
201802744
201602705
201609331
201809921
201409594
201807813
201806890
201301356
201805348
201206397
201603176
201208991
201504162
201403431
201202002
201600496
201308941
201202928
201406373
201304581
201205590
201701077
201302219
201609831
201402455
201804650
201609504
201606584
201809279
201702621
201402677
201708862
201204905
201400830
201505400
201204351
201809204
201609559
201808424
201205090
201809609
201409822
201603790
201303384
201500223
201508410
201603854
201203935
201209405
201602592
201500250
201803093
201606785
201502260
201202108
201702719
201207895
201701912
201409964
201604538
201806108
201707171
201405566
201503625
201606262
201504386
201307561
201804574
201502577
201600063
201409923
201602930
201709559
201207022
201403599
201309800
201805205
201707732
201303579
201706605
201307527
201800443
201502217
201408423
201205498
201501883
201809175
201201415
201801300
201408971
201805397
201700774
201700057
201504148
201201032
201608115
201308373
201605816
201607699
201404151
201504223
201507005
201607452
201405658
201308211
201700882
201207812
201504066
201705749
201409510
201508499
201707008
201205160
201201824
201706919
201508534
201206039
201800951
201506183
201306691
201404868
201604488
201208198
201508981
201704255
201204633
201301307
201402949
201609905
201409329
201304210
201200046
201407424
201703193
201605836
201404194
201303172
201608450
201200239
201401291
201601026
201500032
201208110
201606389
201706532
201206565
201804049
201605916
201206977
201800008
201601195
201406119
201707433
201509663
201701007
201605151
201304319
201506451
201603224
201801741
201804625
201708649
201504192
201508519
201601507
201408295
201407432
201801269
201400887
201809374
201309223
201300920
201502611
201505754
201702546
201309332
201707023
201408480
201700922
201503314
201403654
201701866
201703116
201308887
201808955
201402660
201308254
201305635
201405198
201708935
201706343
201409335
201605124
201605571
201201113
201203041
201306804
201208442
201809335
201200419
201407838
201800193
201808360
201403779
201500278
201706163
201305034
201307943
201700492
201403959
201701017
201201932
201802752
201307353
201709904
201702540
201408820
201703388
201804231
201300766
201600251
201206065
201509960
201603059
201208666
201709230
201208226
201402755
201204325
201204777
201205673
201604928
201408318
201806564
201309875
201706886
201604862
201308157
201408974
201204667
201804452
201203261
201605305
201305237
201407689
201808362
201403819
201809166
201407305
201400878
201509755
201409715
201500393
201407012
201309669
201703463
201403647
201305495
201804130
201403687
201307804
201302780
201809459
201506320
201509846
201403412
201509538
201203554
201702567
201308391
201502339
201802955
201302639
201303071
201807214
201707574
201407054
201805309
201506064
201308604
201705415
201706293
201601601
201806551
201400774
201409028
201407321
201303722
201700089
201708286
201709155
201800858
201204615
201401609
201604220
201804051
201602670
201605416
201700824
201201060
201609523
201502532
201708657
201801905
201807703
201705250
201401953
201300775
201800946
201202995
201300092
201208464
201303191
201403237
201600104
201708588
201607228
201609875
201408515
201808089
201602530
201404333
201701446
201407210
201504320
201307024
201808561
201600552
201203583
201204578
201601572
201801811
201400221
201503514
201700286
201809574
201709191
201504128
201307011
201802237
201309209
201506453
201800671
201301662
201308867
201403298
201806720
201203266
201703567
201208659
201504480
201303182
201705973
201408557
201709692
201504561
201205551
201607711
201209952
201308004
201403233
201403398
201206024
201805169
201507709
201405044
201203983
201405702
201401226
201809014
201804575
201804905
201600396
201802628
201605332
201202358
201505596
201308425
201706443
201708292
201307252
201503681
201608079
201303862
201300385
201204552
201205001
201304592
201309400
201808523
201600981
201805946
201707078
201401786
201807005
201701114
201506132
201506677
201609041
201306351
201203293
201805101
201801681
201404229
201701696
201701191
201602510
201705155
201406467
201409362
201200627
201607327
201409649
201608062
201602830
201409375
201605415
201402242
201201000
201800541
201500199
201809291
201709591
201206751
201507793
201806863
201407827
201608428
201205877
201805886
201804141
201407581
201309907
201508079
201204008
201402063
201301027
201407029
201500200
201300843
201401167
201305944
201806156
201609235
201609398
201807328
201806991
201608599
201604534
201502658
201703830
201801357
201701092
201300182
201300961
201505239
201608891
201705826
201508177
201707585
201702662
201608247
201502004
201409584
201208773
201607726
201404850
201501106
201401730
201609967
201605767
201301905
201302656
201407639
201701303
201503469
201607344
201702408
201400065
201300399
201200379
201602409
201708667
201604008
201503275
201709670
201307827
201205809
201703754
201502978
201605288
201703791
201400777
201707515
201501363
201302317
201300825
201700993
201502607
201501601
201803588
201201440
201502756
201205137
201305827
201501529
201407518
201601769
201708946
201602735
201505007
201503064
201402685
201607037
201809701
201508894
201402627
201207737
201702864
201809290
201300430
201806023
201305497
201400067
201504749
201707529
201301327
201807247
201408549
201701935
201804417
201509694
201309826
201603747
201207676
201803318
201204288
201700115
201404993
201604772
201702212
201200729
201706282
201704597
201801271
201308386
201601220
201400279
201506721
201509483
201706553
201201901
201305509
201805262
201801789
201208554
201504088
201207128
201700242
201209204
201200256
201304656
201606116
201205681
201602108
201707880
201503224
201801265
201302480
201304957
201703935
201404781
201508610
201304198
201803310
201805539
201703608
201605924
201607158
201507682
201709780
201605050
201604883
201205209
201300529
201701461
201200805
201809904
201506982
201702220
201706796
201702861
201602034
201805685
201304994
201708851
201505314
201403158
201803617
201302838
201500320
201702489
201608555
201705404
201305699
201801953
201402178
201605885
201701021
201307933
201806118
201803438
201703102
201409783
201208367
201409025
201201511
201807842
201507405
201301243
201406167
201708452
201603229
201409043
201507401
201707401
201700073
201401423
201601811
201604596
201207628
201504803
201209062
201400641
201403915
201307796
201207020
201705204
201806326
201607872
201501641
201607139
201304245
201809943
201202507
201204462
201605014
201205518
201709715
201405368
201604549
201304398
201700277
201401908
201401873
201704191
201403068
201207966
201407325
201604657
201309482
201802594
201202817
201304604
201209926
201404186
201402713
201204996
201801576
201705308
201608294
201307706
201401004
201402482
201307424
201607227
201409253
201508162
201504666
201503716
201304081
201301843
201600816
201408594
201809964
201203533
201300077
201502314
201604155
201307966
201504861
201200897
201309095
201806139
201708409
201300271
201507885
201406914
201603126
201401415
201505856
201604712
201202414
201702017
201409532
201209469
201801639
201402148
201404706
201209451
201205914
201504369
201701777
201505574
201800203
201805657
201200020
201300897
201603844
201400368
201307373
201806917
201802524
201709927
201300396
201400956
201605196
201809730
201307112
201505838
201808838
201502293
201806820
201302668
201302811
201604711
201505952
201305957
201605675
201306065
201502283
201601875
201300283
201709132
201308985
201507152
201702302
201608155
201601893
201307634
201801444
201504624
201302078
201401887
201602828
201307909
201801040
201808608
201703143
201504528
201604892
201204142
201404462
201606296
201305776
201803431
201302752
201306971
201707760
201206231
201608937
201601766
201508817
201608471
201505956
201302937
201202159
201601206
201600148
201608753
201702334
201503017
201400596
201200323
201504994
201506218
201401388
201304884
201302885
201401815
201502726
201605309
201701407
201609988
201308709
201301016
201302961
201506481
201806014
201303545
201709061
201505291
201608985
201209604
201608780
201201045
201800243
201809569
201301510
201802142
201508792
201201255
201309772
201400330
201508188
201400798
201409552
201806498
201706896
201505422
201301504
201503575
201402519
201507545
201804706
201700402
201402539
201809292
201309065
201400875
201404285
201200226
201604064
201803973
201201366
201208355
201609384
201305048
201405457
201808878
201504303
201300417
201407027
201803037
201400644
201804334
201401497
201801501
201409540
201204303
201605367
201409094
201200081
201207747
201605534
201304195
201803774
201608874
201401635
201505790
201503935
201605004
201809940
201305781
201804017
201403950
201605863
201301487
201403714
201208574
201403493
201403061
201403270
201705984
201507855
201706821
201501329
201605118
201800675
201202647
201808288
201600823
201506192
201801730
201405362
201701845
201404898
201807075
201300031
201608381
201801770
201509560
201504581
201606182
201702260
201307487
201303876
201303988
201700531
201800689
201505767
201507329
201202053
201701809
201709804
201701326
201609980
201702412
201805851
201600177
201500076
201301572
201704866
201708528
201401163
201603972
201207327
201203933
201604649
201602300
201706371
201406956
201507260
201800035
201300037
201201271
201508434
201707804
201603561
201704820
201301164
201509895
201402062
201601216
201402822
201403118
201207313
201508982
201608817
201404407
201701149
201206184
201500698
201805799
201404238
201401913
201402763
201208431
201407607
201807002
201302061
201506488
201605683
201705758
201202746
201201729
201404707
201206298
201507663
201804946
201805700
201205552
201206179
201507129
201609773
201205810
201708433
201606117
201702609
201603725
201303999
201400370
201400199
201400571
201700315
201502565
201308956
201702245
201807030
201809484
201604245
201201398
201706273
201508521
201406671
201400203
201700601
201408169
201702882
201209918
201608104
201302500
201509248
201701534
201204359
201302583
201701058
201803180
201704549
201508070
201601080
201801779
201503110
201501428
201601215
201809790
201403147
201204269
201409916
201700571
201202380
201602168
201207233
201503376
201204771
201802151
201305673
201804444
201706196
201702086
201504926
201500149
201805426
201500629
201509705
201207999
201605658
201701708
201505202
201703140
201403902
201204950
201507970
201700875
201708591
201709972
201601394
201202410
201304018
201409082
201603929
201804560
201302881
201200911
201607874
201208932
201504065
201606537
201302325
201409463
201703646
201401702
201509504
201206645
201501126
201209869
201803236
201608086
201402108
201607897
201804833
201600767
201600025
201800534
201404664
201408042
201204066
201605304
201403746
201300435
201500389
201709449
201508579
201407798
201605524
201807425
201204050
201509731
201606957
201801478
201707945
201503051
201506343
201205492
201600970
201400253
201203846
201607608
201800989
201305803
201409844
201805193
201304927
201802275
201706531
201802081
201209793
201805659
201500431
201703212
201604823
201408778
201408552
201207854
201604058
201200096
201201659
201308598
201405474
201706800
201408092
201307354
201404137
201608296
201608676
201604397
201407688
201403927
201303290
201400336
201600314
201406265
201405911
201804301
201701156
201305530
201607011
201608281
201300261
201704339
201209153
201409109
201501241
201205336
201202118
201308785
201507795
201601350
201600807
201606332
201700626
201207007
201206210
201608230
201302337
201709583
201702095
201309685
201502501
201602895
201504571
201406076
201702078
201404765
201709411
201506352
201508940
201205367
201402548
201509335
201808113
201808462
201507882
201400015
201200789
201509262
201200057
201809714
201503096
201709732
201705821
201402331
201709717
201707482
201701169
201505244
201401729
201306596
201404955
201402024
201608046
201403254
201602097
201705430
201201994
201201387
201708211
201401676
201208722
201707480
201604311
201805324
201403682
201301963
201605996
201803964
201704677
201201909
201806845
201207057
201606025
201608246
201807109
201804865
201402632
201804478
201605458
201403848
201308435
201802949
201607435
201709594
201404515
201303936
201300141
201500714
201404881
201201392
201804293
201802485
201607467
201203280
201201967
201203632
201406600
201201528
201300294
201501280
201501085
201709854
201803755
201508303
201409717
201804879
201204256
201609324
201305503
201404689
201508921
201607331
201606226
201501930
201809295
201503693
201208141
